(kicad_pcb (version 20171130) (host pcbnew "(5.1.8)-1")

  (general
    (thickness 1.6)
    (drawings 25)
    (tracks 315)
    (zones 0)
    (modules 49)
    (nets 73)
  )

  (page A4)
  (layers
    (0 F.Cu signal)
    (31 B.Cu signal)
    (32 B.Adhes user)
    (33 F.Adhes user)
    (34 B.Paste user)
    (35 F.Paste user)
    (36 B.SilkS user)
    (37 F.SilkS user)
    (38 B.Mask user)
    (39 F.Mask user)
    (40 Dwgs.User user)
    (41 Cmts.User user)
    (42 Eco1.User user)
    (43 Eco2.User user)
    (44 Edge.Cuts user)
    (45 Margin user)
    (46 B.CrtYd user)
    (47 F.CrtYd user)
    (48 B.Fab user)
    (49 F.Fab user)
  )

  (setup
    (last_trace_width 0.5)
    (user_trace_width 0.5)
    (trace_clearance 0.2)
    (zone_clearance 0.508)
    (zone_45_only no)
    (trace_min 0.2)
    (via_size 0.8)
    (via_drill 0.4)
    (via_min_size 0.4)
    (via_min_drill 0.3)
    (uvia_size 0.3)
    (uvia_drill 0.1)
    (uvias_allowed no)
    (uvia_min_size 0.2)
    (uvia_min_drill 0.1)
    (edge_width 0.05)
    (segment_width 0.2)
    (pcb_text_width 0.3)
    (pcb_text_size 1.5 1.5)
    (mod_edge_width 0.12)
    (mod_text_size 1 1)
    (mod_text_width 0.15)
    (pad_size 3.8 3.8)
    (pad_drill 2.2)
    (pad_to_mask_clearance 0)
    (aux_axis_origin 0 0)
    (visible_elements 7FFFFFFF)
    (pcbplotparams
      (layerselection 0x010fc_ffffffff)
      (usegerberextensions false)
      (usegerberattributes true)
      (usegerberadvancedattributes true)
      (creategerberjobfile true)
      (excludeedgelayer true)
      (linewidth 0.100000)
      (plotframeref false)
      (viasonmask false)
      (mode 1)
      (useauxorigin false)
      (hpglpennumber 1)
      (hpglpenspeed 20)
      (hpglpendiameter 15.000000)
      (psnegative false)
      (psa4output false)
      (plotreference true)
      (plotvalue true)
      (plotinvisibletext false)
      (padsonsilk false)
      (subtractmaskfromsilk false)
      (outputformat 1)
      (mirror false)
      (drillshape 1)
      (scaleselection 1)
      (outputdirectory ""))
  )

  (net 0 "")
  (net 1 "Net-(C1-Pad1)")
  (net 2 "Net-(C1-Pad2)")
  (net 3 GND)
  (net 4 +3V3)
  (net 5 "Net-(C3-Pad2)")
  (net 6 "Net-(C3-Pad1)")
  (net 7 "Net-(C4-Pad2)")
  (net 8 "Net-(C5-Pad2)")
  (net 9 "Net-(C6-Pad1)")
  (net 10 "Net-(C7-Pad1)")
  (net 11 +5V)
  (net 12 +12V)
  (net 13 /RX)
  (net 14 "Net-(D1-Pad1)")
  (net 15 "Net-(D2-Pad1)")
  (net 16 /TX)
  (net 17 "Net-(D3-Pad1)")
  (net 18 /TIRETTE)
  (net 19 "Net-(D4-Pad1)")
  (net 20 "Net-(D5-Pad1)")
  (net 21 /LGRE)
  (net 22 "Net-(D6-Pad3)")
  (net 23 "Net-(D6-Pad1)")
  (net 24 /LRED)
  (net 25 /VCC)
  (net 26 "Net-(J10-Pad1)")
  (net 27 "Net-(J10-Pad2)")
  (net 28 "Net-(J10-Pad3)")
  (net 29 "Net-(J10-Pad6)")
  (net 30 "Net-(J10-Pad7)")
  (net 31 "Net-(J10-Pad8)")
  (net 32 "Net-(J10-Pad9)")
  (net 33 /LEDS)
  (net 34 /SCL)
  (net 35 /SDA)
  (net 36 /CANH)
  (net 37 /CANL)
  (net 38 "Net-(J16-Pad31)")
  (net 39 /MISO)
  (net 40 "Net-(J16-Pad33)")
  (net 41 "Net-(J16-Pad36)")
  (net 42 "Net-(J16-Pad40)")
  (net 43 "Net-(J16-Pad15)")
  (net 44 "Net-(J16-Pad13)")
  (net 45 "Net-(J16-Pad28)")
  (net 46 "Net-(J16-Pad26)")
  (net 47 /SCK)
  (net 48 "Net-(J16-Pad7)")
  (net 49 "Net-(J16-Pad27)")
  (net 50 "Net-(J16-Pad12)")
  (net 51 "Net-(J16-Pad29)")
  (net 52 "Net-(J16-Pad37)")
  (net 53 /INT)
  (net 54 "Net-(J16-Pad38)")
  (net 55 "Net-(J16-Pad35)")
  (net 56 /CS)
  (net 57 /MOSI)
  (net 58 "Net-(R8-Pad2)")
  (net 59 "Net-(R9-Pad2)")
  (net 60 "Net-(R10-Pad1)")
  (net 61 "Net-(U1-Pad11)")
  (net 62 "Net-(U1-Pad12)")
  (net 63 "Net-(U1-Pad13)")
  (net 64 "Net-(U1-Pad14)")
  (net 65 "Net-(U2-Pad1)")
  (net 66 "Net-(U2-Pad3)")
  (net 67 "Net-(U2-Pad4)")
  (net 68 "Net-(U2-Pad5)")
  (net 69 "Net-(U2-Pad6)")
  (net 70 "Net-(U2-Pad10)")
  (net 71 "Net-(U2-Pad11)")
  (net 72 "Net-(U3-Pad5)")

  (net_class Default "This is the default net class."
    (clearance 0.2)
    (trace_width 0.25)
    (via_dia 0.8)
    (via_drill 0.4)
    (uvia_dia 0.3)
    (uvia_drill 0.1)
    (add_net +12V)
    (add_net +3V3)
    (add_net +5V)
    (add_net /CANH)
    (add_net /CANL)
    (add_net /CS)
    (add_net /INT)
    (add_net /LEDS)
    (add_net /LGRE)
    (add_net /LRED)
    (add_net /MISO)
    (add_net /MOSI)
    (add_net /RX)
    (add_net /SCK)
    (add_net /SCL)
    (add_net /SDA)
    (add_net /TIRETTE)
    (add_net /TX)
    (add_net /VCC)
    (add_net GND)
    (add_net "Net-(C1-Pad1)")
    (add_net "Net-(C1-Pad2)")
    (add_net "Net-(C3-Pad1)")
    (add_net "Net-(C3-Pad2)")
    (add_net "Net-(C4-Pad2)")
    (add_net "Net-(C5-Pad2)")
    (add_net "Net-(C6-Pad1)")
    (add_net "Net-(C7-Pad1)")
    (add_net "Net-(D1-Pad1)")
    (add_net "Net-(D2-Pad1)")
    (add_net "Net-(D3-Pad1)")
    (add_net "Net-(D4-Pad1)")
    (add_net "Net-(D5-Pad1)")
    (add_net "Net-(D6-Pad1)")
    (add_net "Net-(D6-Pad3)")
    (add_net "Net-(J10-Pad1)")
    (add_net "Net-(J10-Pad2)")
    (add_net "Net-(J10-Pad3)")
    (add_net "Net-(J10-Pad6)")
    (add_net "Net-(J10-Pad7)")
    (add_net "Net-(J10-Pad8)")
    (add_net "Net-(J10-Pad9)")
    (add_net "Net-(J16-Pad12)")
    (add_net "Net-(J16-Pad13)")
    (add_net "Net-(J16-Pad15)")
    (add_net "Net-(J16-Pad26)")
    (add_net "Net-(J16-Pad27)")
    (add_net "Net-(J16-Pad28)")
    (add_net "Net-(J16-Pad29)")
    (add_net "Net-(J16-Pad31)")
    (add_net "Net-(J16-Pad33)")
    (add_net "Net-(J16-Pad35)")
    (add_net "Net-(J16-Pad36)")
    (add_net "Net-(J16-Pad37)")
    (add_net "Net-(J16-Pad38)")
    (add_net "Net-(J16-Pad40)")
    (add_net "Net-(J16-Pad7)")
    (add_net "Net-(R10-Pad1)")
    (add_net "Net-(R8-Pad2)")
    (add_net "Net-(R9-Pad2)")
    (add_net "Net-(U1-Pad11)")
    (add_net "Net-(U1-Pad12)")
    (add_net "Net-(U1-Pad13)")
    (add_net "Net-(U1-Pad14)")
    (add_net "Net-(U2-Pad1)")
    (add_net "Net-(U2-Pad10)")
    (add_net "Net-(U2-Pad11)")
    (add_net "Net-(U2-Pad3)")
    (add_net "Net-(U2-Pad4)")
    (add_net "Net-(U2-Pad5)")
    (add_net "Net-(U2-Pad6)")
    (add_net "Net-(U3-Pad5)")
  )

  (module Capacitor_SMD:C_0603_1608Metric (layer F.Cu) (tedit 5F68FEEE) (tstamp 5FF24115)
    (at 31.5 57.5 180)
    (descr "Capacitor SMD 0603 (1608 Metric), square (rectangular) end terminal, IPC_7351 nominal, (Body size source: IPC-SM-782 page 76, https://www.pcb-3d.com/wordpress/wp-content/uploads/ipc-sm-782a_amendment_1_and_2.pdf), generated with kicad-footprint-generator")
    (tags capacitor)
    (path /5FF5AF7B)
    (attr smd)
    (fp_text reference C12 (at -0.4 2.2 270) (layer F.SilkS)
      (effects (font (size 1 1) (thickness 0.15)))
    )
    (fp_text value 4.7uF (at 0 1.43 180) (layer F.Fab)
      (effects (font (size 1 1) (thickness 0.15)))
    )
    (fp_line (start 1.48 0.73) (end -1.48 0.73) (layer F.CrtYd) (width 0.05))
    (fp_line (start 1.48 -0.73) (end 1.48 0.73) (layer F.CrtYd) (width 0.05))
    (fp_line (start -1.48 -0.73) (end 1.48 -0.73) (layer F.CrtYd) (width 0.05))
    (fp_line (start -1.48 0.73) (end -1.48 -0.73) (layer F.CrtYd) (width 0.05))
    (fp_line (start -0.14058 0.51) (end 0.14058 0.51) (layer F.SilkS) (width 0.12))
    (fp_line (start -0.14058 -0.51) (end 0.14058 -0.51) (layer F.SilkS) (width 0.12))
    (fp_line (start 0.8 0.4) (end -0.8 0.4) (layer F.Fab) (width 0.1))
    (fp_line (start 0.8 -0.4) (end 0.8 0.4) (layer F.Fab) (width 0.1))
    (fp_line (start -0.8 -0.4) (end 0.8 -0.4) (layer F.Fab) (width 0.1))
    (fp_line (start -0.8 0.4) (end -0.8 -0.4) (layer F.Fab) (width 0.1))
    (fp_text user %R (at 0 0 180) (layer F.Fab)
      (effects (font (size 0.4 0.4) (thickness 0.06)))
    )
    (pad 1 smd roundrect (at -0.775 0 180) (size 0.9 0.95) (layers F.Cu F.Paste F.Mask) (roundrect_rratio 0.25)
      (net 11 +5V))
    (pad 2 smd roundrect (at 0.775 0 180) (size 0.9 0.95) (layers F.Cu F.Paste F.Mask) (roundrect_rratio 0.25)
      (net 3 GND))
    (model ${KISYS3DMOD}/Capacitor_SMD.3dshapes/C_0603_1608Metric.wrl
      (at (xyz 0 0 0))
      (scale (xyz 1 1 1))
      (rotate (xyz 0 0 0))
    )
  )

  (module ConnectorsEvo:B03B-PASK (layer F.Cu) (tedit 5F2E163B) (tstamp 5FF2421B)
    (at 46 51 180)
    (path /5FF20142)
    (fp_text reference J8 (at 0.365 -3.175) (layer F.SilkS)
      (effects (font (size 1 1) (thickness 0.15)))
    )
    (fp_text value Conn_01x03_Male (at 0 4.445) (layer F.Fab)
      (effects (font (size 1 1) (thickness 0.15)))
    )
    (fp_line (start -4 -2.15) (end 4 -2.15) (layer F.SilkS) (width 0.12))
    (fp_line (start -4 3.15) (end -4 -2.15) (layer F.SilkS) (width 0.12))
    (fp_line (start 4 3.15) (end -4 3.15) (layer F.SilkS) (width 0.12))
    (fp_line (start 4 -2.15) (end 4 3.15) (layer F.SilkS) (width 0.12))
    (fp_line (start -4 3.15) (end -4 -2.15) (layer F.Fab) (width 0.127))
    (fp_line (start 4 -2.15) (end 4 3.15) (layer F.Fab) (width 0.127))
    (fp_line (start -4 3.15) (end 4 3.15) (layer F.Fab) (width 0.127))
    (fp_line (start 4 -2.15) (end -4 -2.15) (layer F.Fab) (width 0.127))
    (fp_text user 1 (at 2.968 -0.5) (layer F.SilkS)
      (effects (font (size 1 1) (thickness 0.015)))
    )
    (pad None np_thru_hole circle (at 3.5 -1.7 180) (size 1.1 1.1) (drill 1.1) (layers *.Cu *.Mask))
    (pad 3 thru_hole circle (at -2 0 180) (size 1.208 1.208) (drill 0.7) (layers *.Cu *.Mask)
      (net 3 GND))
    (pad 2 thru_hole circle (at 0 0 180) (size 1.208 1.208) (drill 0.7) (layers *.Cu *.Mask)
      (net 18 /TIRETTE))
    (pad 1 thru_hole circle (at 2 0 180) (size 1.208 1.208) (drill 0.7) (layers *.Cu *.Mask)
      (net 4 +3V3))
    (model ${LIBELEC}/3D/B03B-PASK-1.stp
      (offset (xyz 0 0 4))
      (scale (xyz 1 1 1))
      (rotate (xyz -90 0 0))
    )
  )

  (module ComponentsEvo:40x40x10_DC_FAN (layer F.Cu) (tedit 5FF43DE4) (tstamp 5FF3A42F)
    (at 52.5 74.5)
    (fp_text reference REF** (at 21.5 14.5 90) (layer F.SilkS) hide
      (effects (font (size 1 1) (thickness 0.15)))
    )
    (fp_text value 40x40x10_DC_FAN (at 21.5 4.5 90) (layer F.Fab)
      (effects (font (size 1 1) (thickness 0.15)))
    )
    (fp_circle (center 16 -16) (end 19.05 -16) (layer F.CrtYd) (width 0.05))
    (fp_circle (center 16 -16) (end 18.8 -16) (layer Cmts.User) (width 0.15))
    (fp_circle (center -16 16) (end -12.95 16) (layer F.CrtYd) (width 0.05))
    (fp_circle (center -16 16) (end -13.2 16) (layer Cmts.User) (width 0.15))
    (fp_circle (center 16 16) (end 19.05 16) (layer F.CrtYd) (width 0.05))
    (fp_circle (center 16 16) (end 18.8 16) (layer Cmts.User) (width 0.15))
    (fp_circle (center -16 -16) (end -13.2 -16) (layer Cmts.User) (width 0.15))
    (fp_circle (center -16 -16) (end -12.95 -16) (layer F.CrtYd) (width 0.05))
    (fp_line (start 20 -20) (end 20 20) (layer F.SilkS) (width 0.12))
    (fp_line (start 20 20) (end -20 20) (layer F.SilkS) (width 0.12))
    (fp_line (start -20 20) (end -20 -20) (layer F.SilkS) (width 0.12))
    (fp_line (start -20 -20) (end 20 -20) (layer F.SilkS) (width 0.12))
    (fp_line (start -20 -20) (end 20 -20) (layer F.Fab) (width 0.12))
    (fp_line (start 20 -20) (end 20 20) (layer F.Fab) (width 0.12))
    (fp_line (start 20 20) (end -20 20) (layer F.Fab) (width 0.12))
    (fp_line (start -20 20) (end -20 -20) (layer F.Fab) (width 0.12))
    (pad "" np_thru_hole circle (at 0 0) (size 38 38) (drill 36) (layers *.Cu *.Mask))
    (pad "" np_thru_hole circle (at 16 -16) (size 5.6 5.6) (drill 3.2) (layers *.Cu *.Mask))
    (pad "" np_thru_hole circle (at -16 16) (size 5.6 5.6) (drill 3.2) (layers *.Cu *.Mask))
    (pad "" np_thru_hole circle (at 16 16) (size 5.6 5.6) (drill 3.2) (layers *.Cu *.Mask))
    (pad "" np_thru_hole circle (at -16 -16) (size 5.6 5.6) (drill 3.2) (layers *.Cu *.Mask))
    (model "${LIBELEC}/3D/40x40x10 DC Fan.STEP"
      (offset (xyz 0 0 5))
      (scale (xyz 1 1 1))
      (rotate (xyz 0 0 0))
    )
  )

  (module ComponentsEvo:ShieldRaspberryPiWithOldHeader (layer F.Cu) (tedit 5FF44065) (tstamp 5FF24324)
    (at 20 75)
    (path /5FF20BB2)
    (fp_text reference J16 (at -6 -1 90) (layer F.SilkS) hide
      (effects (font (size 1 1) (thickness 0.15)))
    )
    (fp_text value "Raspberry pi" (at 26.67 36.83) (layer F.Fab)
      (effects (font (size 1 1) (thickness 0.15)))
    )
    (fp_line (start 37 -38.5) (end 37 -55.5) (layer F.Fab) (width 0.12))
    (fp_line (start 50 -38.5) (end 37 -38.5) (layer F.Fab) (width 0.12))
    (fp_line (start 50 -55.5) (end 50 -38.5) (layer F.Fab) (width 0.12))
    (fp_line (start 37 -55.5) (end 50 -55.5) (layer F.Fab) (width 0.12))
    (fp_line (start 32 -38.5) (end 19 -38.5) (layer F.Fab) (width 0.12))
    (fp_line (start 32 -55.5) (end 32 -38.5) (layer F.Fab) (width 0.12))
    (fp_line (start 19 -55.5) (end 32 -55.5) (layer F.Fab) (width 0.12))
    (fp_line (start 19 -38.5) (end 19 -55.5) (layer F.Fab) (width 0.12))
    (fp_line (start -1.2 -55.35) (end -1.2 -34) (layer F.Fab) (width 0.12))
    (fp_line (start 14.7 -55.35) (end -1.2 -55.35) (layer F.Fab) (width 0.12))
    (fp_line (start 14.7 -34) (end 14.7 -55.35) (layer F.Fab) (width 0.12))
    (fp_line (start -1.2 -34) (end 14.7 -34) (layer F.Fab) (width 0.12))
    (fp_line (start 49 -52.5) (end 0 -52.5) (layer F.Fab) (width 0.12))
    (fp_line (start 52.5 29) (end 52.5 -49) (layer F.Fab) (width 0.12))
    (fp_line (start 0 32.5) (end 49 32.5) (layer F.Fab) (width 0.12))
    (fp_line (start -3.5 -49) (end -3.5 29) (layer F.Fab) (width 0.12))
    (fp_circle (center 49 29) (end 51.15 29) (layer F.CrtYd) (width 0.05))
    (fp_circle (center 49 29) (end 50.9 29) (layer Cmts.User) (width 0.15))
    (fp_circle (center 49 -29) (end 51.15 -29) (layer F.CrtYd) (width 0.05))
    (fp_circle (center 49 -29) (end 50.9 -29) (layer Cmts.User) (width 0.15))
    (fp_circle (center 0 -29) (end 2.15 -29) (layer F.CrtYd) (width 0.05))
    (fp_circle (center 0 -29) (end 1.9 -29) (layer Cmts.User) (width 0.15))
    (fp_circle (center 0 29) (end 2.15 29) (layer F.CrtYd) (width 0.05))
    (fp_circle (center 0 29) (end 1.9 29) (layer Cmts.User) (width 0.15))
    (fp_line (start 2.54 24.13) (end 1.27 25.4) (layer F.Fab) (width 0.1))
    (fp_line (start 3.07 25.93) (end 3.07 -25.92) (layer F.CrtYd) (width 0.05))
    (fp_line (start 2.6 22.86) (end 0 22.86) (layer F.SilkS) (width 0.12))
    (fp_line (start 2.6 24.13) (end 2.6 25.46) (layer F.SilkS) (width 0.12))
    (fp_line (start -3.08 -25.92) (end -3.08 25.93) (layer F.CrtYd) (width 0.05))
    (fp_line (start 2.54 -25.4) (end 2.54 24.13) (layer F.Fab) (width 0.1))
    (fp_line (start -2.54 25.4) (end -2.54 -25.4) (layer F.Fab) (width 0.1))
    (fp_line (start -3.08 25.93) (end 3.07 25.93) (layer F.CrtYd) (width 0.05))
    (fp_line (start -2.6 25.46) (end -2.6 -25.46) (layer F.SilkS) (width 0.12))
    (fp_line (start 3.07 -25.92) (end -3.08 -25.92) (layer F.CrtYd) (width 0.05))
    (fp_line (start 0 22.86) (end 0 25.46) (layer F.SilkS) (width 0.12))
    (fp_line (start -2.54 -25.4) (end 2.54 -25.4) (layer F.Fab) (width 0.1))
    (fp_line (start 0 25.46) (end -2.6 25.46) (layer F.SilkS) (width 0.12))
    (fp_line (start 2.6 -25.46) (end -2.6 -25.46) (layer F.SilkS) (width 0.12))
    (fp_line (start 1.27 25.4) (end -2.54 25.4) (layer F.Fab) (width 0.1))
    (fp_line (start 2.6 22.86) (end 2.6 -25.46) (layer F.SilkS) (width 0.12))
    (fp_line (start 2.6 25.46) (end 1.27 25.46) (layer F.SilkS) (width 0.12))
    (fp_line (start 13 27) (end 13 31) (layer F.Fab) (width 0.12))
    (fp_line (start 13 31) (end 35.5 31) (layer F.Fab) (width 0.12))
    (fp_line (start 35.5 31) (end 35.5 27) (layer F.Fab) (width 0.12))
    (fp_line (start 35.5 27) (end 13 27) (layer F.Fab) (width 0.12))
    (fp_line (start 29.4 -16.5) (end 29.4 -12.5) (layer F.Fab) (width 0.12))
    (fp_line (start 29.4 -12.5) (end 51.9 -12.5) (layer F.Fab) (width 0.12))
    (fp_line (start 51.9 -12.5) (end 51.9 -16.5) (layer F.Fab) (width 0.12))
    (fp_line (start 51.9 -16.5) (end 29.4 -16.5) (layer F.Fab) (width 0.12))
    (fp_text user "Camera Connector" (at 41 -11.25) (layer F.Fab)
      (effects (font (size 1 1) (thickness 0.15)))
    )
    (fp_text user "Screen Connector" (at 24 30) (layer F.Fab)
      (effects (font (size 1 1) (thickness 0.15)))
    )
    (fp_text user USB (at 43.5 -37.5) (layer F.Fab)
      (effects (font (size 1 1) (thickness 0.15)))
    )
    (fp_text user USB (at 25.5 -37.5) (layer F.Fab)
      (effects (font (size 1 1) (thickness 0.15)))
    )
    (fp_text user Ethernet (at 6 -33) (layer F.Fab)
      (effects (font (size 1 1) (thickness 0.15)))
    )
    (fp_arc (start 0 -49) (end 0 -52.5) (angle -90) (layer F.Fab) (width 0.12))
    (fp_arc (start 49 -49) (end 52.5 -49) (angle -90) (layer F.Fab) (width 0.12))
    (fp_arc (start 49 29) (end 49 32.5) (angle -90) (layer F.Fab) (width 0.12))
    (fp_arc (start 0 29) (end -3.5 29) (angle -90) (layer F.Fab) (width 0.12))
    (fp_text user PinHeader_2x20_P2.54mm_Vertical (at -4.5 0 270) (layer F.Fab)
      (effects (font (size 1 1) (thickness 0.15)))
    )
    (fp_text user %R (at 0 0 270) (layer F.Fab)
      (effects (font (size 1 1) (thickness 0.15)))
    )
    (pad "" thru_hole circle (at 49 29) (size 3.8 3.8) (drill 2.2) (layers *.Cu *.Mask)
      (net 3 GND))
    (pad "" thru_hole circle (at 49 -29) (size 3.8 3.8) (drill 2.2) (layers *.Cu *.Mask)
      (net 3 GND))
    (pad "" thru_hole circle (at 0 -29) (size 3.8 3.8) (drill 2.2) (layers *.Cu *.Mask)
      (net 3 GND))
    (pad "" thru_hole circle (at 0 29) (size 3.8 3.8) (drill 2.2) (layers *.Cu *.Mask)
      (net 3 GND))
    (pad 17 thru_hole oval (at 1.27 3.81 180) (size 1.7 1.7) (drill 1) (layers *.Cu *.Mask)
      (net 4 +3V3))
    (pad 19 thru_hole oval (at 1.27 1.27 180) (size 1.7 1.7) (drill 1) (layers *.Cu *.Mask)
      (net 57 /MOSI))
    (pad 10 thru_hole oval (at -1.27 13.97 180) (size 1.7 1.7) (drill 1) (layers *.Cu *.Mask)
      (net 13 /RX))
    (pad 4 thru_hole oval (at -1.27 21.59 180) (size 1.7 1.7) (drill 1) (layers *.Cu *.Mask)
      (net 11 +5V))
    (pad 24 thru_hole oval (at -1.27 -3.81 180) (size 1.7 1.7) (drill 1) (layers *.Cu *.Mask)
      (net 56 /CS))
    (pad 35 thru_hole oval (at 1.27 -19.05 180) (size 1.7 1.7) (drill 1) (layers *.Cu *.Mask)
      (net 55 "Net-(J16-Pad35)"))
    (pad 39 thru_hole oval (at 1.27 -24.13 180) (size 1.7 1.7) (drill 1) (layers *.Cu *.Mask)
      (net 3 GND))
    (pad 38 thru_hole oval (at -1.27 -21.59 180) (size 1.7 1.7) (drill 1) (layers *.Cu *.Mask)
      (net 54 "Net-(J16-Pad38)"))
    (pad 22 thru_hole oval (at -1.27 -1.27 180) (size 1.7 1.7) (drill 1) (layers *.Cu *.Mask)
      (net 53 /INT))
    (pad 6 thru_hole oval (at -1.27 19.05 180) (size 1.7 1.7) (drill 1) (layers *.Cu *.Mask)
      (net 3 GND))
    (pad 37 thru_hole oval (at 1.27 -21.59 180) (size 1.7 1.7) (drill 1) (layers *.Cu *.Mask)
      (net 52 "Net-(J16-Pad37)"))
    (pad 34 thru_hole oval (at -1.27 -16.51 180) (size 1.7 1.7) (drill 1) (layers *.Cu *.Mask)
      (net 3 GND))
    (pad 29 thru_hole oval (at 1.27 -11.43 180) (size 1.7 1.7) (drill 1) (layers *.Cu *.Mask)
      (net 51 "Net-(J16-Pad29)"))
    (pad 12 thru_hole oval (at -1.27 11.43 180) (size 1.7 1.7) (drill 1) (layers *.Cu *.Mask)
      (net 50 "Net-(J16-Pad12)"))
    (pad 3 thru_hole oval (at 1.27 21.59 180) (size 1.7 1.7) (drill 1) (layers *.Cu *.Mask)
      (net 35 /SDA))
    (pad 32 thru_hole oval (at -1.27 -13.97 180) (size 1.7 1.7) (drill 1) (layers *.Cu *.Mask)
      (net 33 /LEDS))
    (pad 30 thru_hole oval (at -1.27 -11.43 180) (size 1.7 1.7) (drill 1) (layers *.Cu *.Mask)
      (net 3 GND))
    (pad 9 thru_hole oval (at 1.27 13.97 180) (size 1.7 1.7) (drill 1) (layers *.Cu *.Mask)
      (net 3 GND))
    (pad 20 thru_hole oval (at -1.27 1.27 180) (size 1.7 1.7) (drill 1) (layers *.Cu *.Mask)
      (net 3 GND))
    (pad 27 thru_hole oval (at 1.27 -8.89 180) (size 1.7 1.7) (drill 1) (layers *.Cu *.Mask)
      (net 49 "Net-(J16-Pad27)"))
    (pad 11 thru_hole oval (at 1.27 11.43 180) (size 1.7 1.7) (drill 1) (layers *.Cu *.Mask)
      (net 18 /TIRETTE))
    (pad 1 thru_hole rect (at 1.27 24.13 180) (size 1.7 1.7) (drill 1) (layers *.Cu *.Mask)
      (net 4 +3V3))
    (pad 8 thru_hole oval (at -1.27 16.51 180) (size 1.7 1.7) (drill 1) (layers *.Cu *.Mask)
      (net 16 /TX))
    (pad 18 thru_hole oval (at -1.27 3.81 180) (size 1.7 1.7) (drill 1) (layers *.Cu *.Mask)
      (net 21 /LGRE))
    (pad 14 thru_hole oval (at -1.27 8.89 180) (size 1.7 1.7) (drill 1) (layers *.Cu *.Mask)
      (net 3 GND))
    (pad 7 thru_hole oval (at 1.27 16.51 180) (size 1.7 1.7) (drill 1) (layers *.Cu *.Mask)
      (net 48 "Net-(J16-Pad7)"))
    (pad 5 thru_hole oval (at 1.27 19.05 180) (size 1.7 1.7) (drill 1) (layers *.Cu *.Mask)
      (net 34 /SCL))
    (pad 23 thru_hole oval (at 1.27 -3.81 180) (size 1.7 1.7) (drill 1) (layers *.Cu *.Mask)
      (net 47 /SCK))
    (pad 26 thru_hole oval (at -1.27 -6.35 180) (size 1.7 1.7) (drill 1) (layers *.Cu *.Mask)
      (net 46 "Net-(J16-Pad26)"))
    (pad 28 thru_hole oval (at -1.27 -8.89 180) (size 1.7 1.7) (drill 1) (layers *.Cu *.Mask)
      (net 45 "Net-(J16-Pad28)"))
    (pad 13 thru_hole oval (at 1.27 8.89 180) (size 1.7 1.7) (drill 1) (layers *.Cu *.Mask)
      (net 44 "Net-(J16-Pad13)"))
    (pad 15 thru_hole oval (at 1.27 6.35 180) (size 1.7 1.7) (drill 1) (layers *.Cu *.Mask)
      (net 43 "Net-(J16-Pad15)"))
    (pad 40 thru_hole oval (at -1.27 -24.13 180) (size 1.7 1.7) (drill 1) (layers *.Cu *.Mask)
      (net 42 "Net-(J16-Pad40)"))
    (pad 36 thru_hole oval (at -1.27 -19.05 180) (size 1.7 1.7) (drill 1) (layers *.Cu *.Mask)
      (net 41 "Net-(J16-Pad36)"))
    (pad 33 thru_hole oval (at 1.27 -16.51 180) (size 1.7 1.7) (drill 1) (layers *.Cu *.Mask)
      (net 40 "Net-(J16-Pad33)"))
    (pad 16 thru_hole oval (at -1.27 6.35 180) (size 1.7 1.7) (drill 1) (layers *.Cu *.Mask)
      (net 24 /LRED))
    (pad 25 thru_hole oval (at 1.27 -6.35 180) (size 1.7 1.7) (drill 1) (layers *.Cu *.Mask)
      (net 3 GND))
    (pad 21 thru_hole oval (at 1.27 -1.27 180) (size 1.7 1.7) (drill 1) (layers *.Cu *.Mask)
      (net 39 /MISO))
    (pad 2 thru_hole oval (at -1.27 24.13 180) (size 1.7 1.7) (drill 1) (layers *.Cu *.Mask)
      (net 11 +5V))
    (pad 31 thru_hole oval (at 1.27 -13.97 180) (size 1.7 1.7) (drill 1) (layers *.Cu *.Mask)
      (net 38 "Net-(J16-Pad31)"))
    (model "${LIBELEC}/3D/Raspberry Pi 4b/RaspyWithOldHeader.stp"
      (offset (xyz 24.5 10 -18.5))
      (scale (xyz 1 1 1))
      (rotate (xyz -90 0 -90))
    )
  )

  (module Capacitor_SMD:C_0603_1608Metric (layer F.Cu) (tedit 5F68FEEE) (tstamp 5FF2405A)
    (at 25.5 44.5 180)
    (descr "Capacitor SMD 0603 (1608 Metric), square (rectangular) end terminal, IPC_7351 nominal, (Body size source: IPC-SM-782 page 76, https://www.pcb-3d.com/wordpress/wp-content/uploads/ipc-sm-782a_amendment_1_and_2.pdf), generated with kicad-footprint-generator")
    (tags capacitor)
    (path /5FF36283)
    (attr smd)
    (fp_text reference C1 (at 0 -1.43) (layer F.SilkS)
      (effects (font (size 1 1) (thickness 0.15)))
    )
    (fp_text value 100nF (at 0 1.43) (layer F.Fab)
      (effects (font (size 1 1) (thickness 0.15)))
    )
    (fp_line (start 1.48 0.73) (end -1.48 0.73) (layer F.CrtYd) (width 0.05))
    (fp_line (start 1.48 -0.73) (end 1.48 0.73) (layer F.CrtYd) (width 0.05))
    (fp_line (start -1.48 -0.73) (end 1.48 -0.73) (layer F.CrtYd) (width 0.05))
    (fp_line (start -1.48 0.73) (end -1.48 -0.73) (layer F.CrtYd) (width 0.05))
    (fp_line (start -0.14058 0.51) (end 0.14058 0.51) (layer F.SilkS) (width 0.12))
    (fp_line (start -0.14058 -0.51) (end 0.14058 -0.51) (layer F.SilkS) (width 0.12))
    (fp_line (start 0.8 0.4) (end -0.8 0.4) (layer F.Fab) (width 0.1))
    (fp_line (start 0.8 -0.4) (end 0.8 0.4) (layer F.Fab) (width 0.1))
    (fp_line (start -0.8 -0.4) (end 0.8 -0.4) (layer F.Fab) (width 0.1))
    (fp_line (start -0.8 0.4) (end -0.8 -0.4) (layer F.Fab) (width 0.1))
    (fp_text user %R (at 0 0) (layer F.Fab)
      (effects (font (size 0.4 0.4) (thickness 0.06)))
    )
    (pad 1 smd roundrect (at -0.775 0 180) (size 0.9 0.95) (layers F.Cu F.Paste F.Mask) (roundrect_rratio 0.25)
      (net 1 "Net-(C1-Pad1)"))
    (pad 2 smd roundrect (at 0.775 0 180) (size 0.9 0.95) (layers F.Cu F.Paste F.Mask) (roundrect_rratio 0.25)
      (net 2 "Net-(C1-Pad2)"))
    (model ${KISYS3DMOD}/Capacitor_SMD.3dshapes/C_0603_1608Metric.wrl
      (at (xyz 0 0 0))
      (scale (xyz 1 1 1))
      (rotate (xyz 0 0 0))
    )
  )

  (module Capacitor_SMD:C_0603_1608Metric (layer F.Cu) (tedit 5F68FEEE) (tstamp 5FF2406B)
    (at 22.5 37.5 90)
    (descr "Capacitor SMD 0603 (1608 Metric), square (rectangular) end terminal, IPC_7351 nominal, (Body size source: IPC-SM-782 page 76, https://www.pcb-3d.com/wordpress/wp-content/uploads/ipc-sm-782a_amendment_1_and_2.pdf), generated with kicad-footprint-generator")
    (tags capacitor)
    (path /5FF30DD9)
    (attr smd)
    (fp_text reference C2 (at 0 -1.43 90) (layer F.SilkS)
      (effects (font (size 1 1) (thickness 0.15)))
    )
    (fp_text value 100nF (at 0 1.43 90) (layer F.Fab)
      (effects (font (size 1 1) (thickness 0.15)))
    )
    (fp_line (start 1.48 0.73) (end -1.48 0.73) (layer F.CrtYd) (width 0.05))
    (fp_line (start 1.48 -0.73) (end 1.48 0.73) (layer F.CrtYd) (width 0.05))
    (fp_line (start -1.48 -0.73) (end 1.48 -0.73) (layer F.CrtYd) (width 0.05))
    (fp_line (start -1.48 0.73) (end -1.48 -0.73) (layer F.CrtYd) (width 0.05))
    (fp_line (start -0.14058 0.51) (end 0.14058 0.51) (layer F.SilkS) (width 0.12))
    (fp_line (start -0.14058 -0.51) (end 0.14058 -0.51) (layer F.SilkS) (width 0.12))
    (fp_line (start 0.8 0.4) (end -0.8 0.4) (layer F.Fab) (width 0.1))
    (fp_line (start 0.8 -0.4) (end 0.8 0.4) (layer F.Fab) (width 0.1))
    (fp_line (start -0.8 -0.4) (end 0.8 -0.4) (layer F.Fab) (width 0.1))
    (fp_line (start -0.8 0.4) (end -0.8 -0.4) (layer F.Fab) (width 0.1))
    (fp_text user %R (at 0 0 90) (layer F.Fab)
      (effects (font (size 0.4 0.4) (thickness 0.06)))
    )
    (pad 1 smd roundrect (at -0.775 0 90) (size 0.9 0.95) (layers F.Cu F.Paste F.Mask) (roundrect_rratio 0.25)
      (net 3 GND))
    (pad 2 smd roundrect (at 0.775 0 90) (size 0.9 0.95) (layers F.Cu F.Paste F.Mask) (roundrect_rratio 0.25)
      (net 4 +3V3))
    (model ${KISYS3DMOD}/Capacitor_SMD.3dshapes/C_0603_1608Metric.wrl
      (at (xyz 0 0 0))
      (scale (xyz 1 1 1))
      (rotate (xyz 0 0 0))
    )
  )

  (module Capacitor_SMD:C_0603_1608Metric (layer F.Cu) (tedit 5F68FEEE) (tstamp 5FF2407C)
    (at 29 44.5 180)
    (descr "Capacitor SMD 0603 (1608 Metric), square (rectangular) end terminal, IPC_7351 nominal, (Body size source: IPC-SM-782 page 76, https://www.pcb-3d.com/wordpress/wp-content/uploads/ipc-sm-782a_amendment_1_and_2.pdf), generated with kicad-footprint-generator")
    (tags capacitor)
    (path /5FF314C1)
    (attr smd)
    (fp_text reference C3 (at 0 -1.43) (layer F.SilkS)
      (effects (font (size 1 1) (thickness 0.15)))
    )
    (fp_text value 100nF (at 0 1.43) (layer F.Fab)
      (effects (font (size 1 1) (thickness 0.15)))
    )
    (fp_line (start -0.8 0.4) (end -0.8 -0.4) (layer F.Fab) (width 0.1))
    (fp_line (start -0.8 -0.4) (end 0.8 -0.4) (layer F.Fab) (width 0.1))
    (fp_line (start 0.8 -0.4) (end 0.8 0.4) (layer F.Fab) (width 0.1))
    (fp_line (start 0.8 0.4) (end -0.8 0.4) (layer F.Fab) (width 0.1))
    (fp_line (start -0.14058 -0.51) (end 0.14058 -0.51) (layer F.SilkS) (width 0.12))
    (fp_line (start -0.14058 0.51) (end 0.14058 0.51) (layer F.SilkS) (width 0.12))
    (fp_line (start -1.48 0.73) (end -1.48 -0.73) (layer F.CrtYd) (width 0.05))
    (fp_line (start -1.48 -0.73) (end 1.48 -0.73) (layer F.CrtYd) (width 0.05))
    (fp_line (start 1.48 -0.73) (end 1.48 0.73) (layer F.CrtYd) (width 0.05))
    (fp_line (start 1.48 0.73) (end -1.48 0.73) (layer F.CrtYd) (width 0.05))
    (fp_text user %R (at 0 0) (layer F.Fab)
      (effects (font (size 0.4 0.4) (thickness 0.06)))
    )
    (pad 2 smd roundrect (at 0.775 0 180) (size 0.9 0.95) (layers F.Cu F.Paste F.Mask) (roundrect_rratio 0.25)
      (net 5 "Net-(C3-Pad2)"))
    (pad 1 smd roundrect (at -0.775 0 180) (size 0.9 0.95) (layers F.Cu F.Paste F.Mask) (roundrect_rratio 0.25)
      (net 6 "Net-(C3-Pad1)"))
    (model ${KISYS3DMOD}/Capacitor_SMD.3dshapes/C_0603_1608Metric.wrl
      (at (xyz 0 0 0))
      (scale (xyz 1 1 1))
      (rotate (xyz 0 0 0))
    )
  )

  (module Capacitor_SMD:C_0603_1608Metric (layer F.Cu) (tedit 5F68FEEE) (tstamp 5FF2408D)
    (at 22.5 40.5 270)
    (descr "Capacitor SMD 0603 (1608 Metric), square (rectangular) end terminal, IPC_7351 nominal, (Body size source: IPC-SM-782 page 76, https://www.pcb-3d.com/wordpress/wp-content/uploads/ipc-sm-782a_amendment_1_and_2.pdf), generated with kicad-footprint-generator")
    (tags capacitor)
    (path /5FF2D8E5)
    (attr smd)
    (fp_text reference C4 (at 0 -1.43 90) (layer F.SilkS)
      (effects (font (size 1 1) (thickness 0.15)))
    )
    (fp_text value 100nF (at 0 1.43 90) (layer F.Fab)
      (effects (font (size 1 1) (thickness 0.15)))
    )
    (fp_line (start 1.48 0.73) (end -1.48 0.73) (layer F.CrtYd) (width 0.05))
    (fp_line (start 1.48 -0.73) (end 1.48 0.73) (layer F.CrtYd) (width 0.05))
    (fp_line (start -1.48 -0.73) (end 1.48 -0.73) (layer F.CrtYd) (width 0.05))
    (fp_line (start -1.48 0.73) (end -1.48 -0.73) (layer F.CrtYd) (width 0.05))
    (fp_line (start -0.14058 0.51) (end 0.14058 0.51) (layer F.SilkS) (width 0.12))
    (fp_line (start -0.14058 -0.51) (end 0.14058 -0.51) (layer F.SilkS) (width 0.12))
    (fp_line (start 0.8 0.4) (end -0.8 0.4) (layer F.Fab) (width 0.1))
    (fp_line (start 0.8 -0.4) (end 0.8 0.4) (layer F.Fab) (width 0.1))
    (fp_line (start -0.8 -0.4) (end 0.8 -0.4) (layer F.Fab) (width 0.1))
    (fp_line (start -0.8 0.4) (end -0.8 -0.4) (layer F.Fab) (width 0.1))
    (fp_text user %R (at 0 0 90) (layer F.Fab)
      (effects (font (size 0.4 0.4) (thickness 0.06)))
    )
    (pad 1 smd roundrect (at -0.775 0 270) (size 0.9 0.95) (layers F.Cu F.Paste F.Mask) (roundrect_rratio 0.25)
      (net 3 GND))
    (pad 2 smd roundrect (at 0.775 0 270) (size 0.9 0.95) (layers F.Cu F.Paste F.Mask) (roundrect_rratio 0.25)
      (net 7 "Net-(C4-Pad2)"))
    (model ${KISYS3DMOD}/Capacitor_SMD.3dshapes/C_0603_1608Metric.wrl
      (at (xyz 0 0 0))
      (scale (xyz 1 1 1))
      (rotate (xyz 0 0 0))
    )
  )

  (module Capacitor_SMD:C_0603_1608Metric (layer F.Cu) (tedit 5F68FEEE) (tstamp 5FF2409E)
    (at 32.5 44.5 180)
    (descr "Capacitor SMD 0603 (1608 Metric), square (rectangular) end terminal, IPC_7351 nominal, (Body size source: IPC-SM-782 page 76, https://www.pcb-3d.com/wordpress/wp-content/uploads/ipc-sm-782a_amendment_1_and_2.pdf), generated with kicad-footprint-generator")
    (tags capacitor)
    (path /5FF2E624)
    (attr smd)
    (fp_text reference C5 (at 0 -1.43) (layer F.SilkS)
      (effects (font (size 1 1) (thickness 0.15)))
    )
    (fp_text value 100nF (at 0 1.43) (layer F.Fab)
      (effects (font (size 1 1) (thickness 0.15)))
    )
    (fp_line (start -0.8 0.4) (end -0.8 -0.4) (layer F.Fab) (width 0.1))
    (fp_line (start -0.8 -0.4) (end 0.8 -0.4) (layer F.Fab) (width 0.1))
    (fp_line (start 0.8 -0.4) (end 0.8 0.4) (layer F.Fab) (width 0.1))
    (fp_line (start 0.8 0.4) (end -0.8 0.4) (layer F.Fab) (width 0.1))
    (fp_line (start -0.14058 -0.51) (end 0.14058 -0.51) (layer F.SilkS) (width 0.12))
    (fp_line (start -0.14058 0.51) (end 0.14058 0.51) (layer F.SilkS) (width 0.12))
    (fp_line (start -1.48 0.73) (end -1.48 -0.73) (layer F.CrtYd) (width 0.05))
    (fp_line (start -1.48 -0.73) (end 1.48 -0.73) (layer F.CrtYd) (width 0.05))
    (fp_line (start 1.48 -0.73) (end 1.48 0.73) (layer F.CrtYd) (width 0.05))
    (fp_line (start 1.48 0.73) (end -1.48 0.73) (layer F.CrtYd) (width 0.05))
    (fp_text user %R (at 0 0) (layer F.Fab)
      (effects (font (size 0.4 0.4) (thickness 0.06)))
    )
    (pad 2 smd roundrect (at 0.775 0 180) (size 0.9 0.95) (layers F.Cu F.Paste F.Mask) (roundrect_rratio 0.25)
      (net 8 "Net-(C5-Pad2)"))
    (pad 1 smd roundrect (at -0.775 0 180) (size 0.9 0.95) (layers F.Cu F.Paste F.Mask) (roundrect_rratio 0.25)
      (net 3 GND))
    (model ${KISYS3DMOD}/Capacitor_SMD.3dshapes/C_0603_1608Metric.wrl
      (at (xyz 0 0 0))
      (scale (xyz 1 1 1))
      (rotate (xyz 0 0 0))
    )
  )

  (module Capacitor_SMD:C_0603_1608Metric (layer F.Cu) (tedit 5F68FEEE) (tstamp 5FF240AF)
    (at 64.5 42.5)
    (descr "Capacitor SMD 0603 (1608 Metric), square (rectangular) end terminal, IPC_7351 nominal, (Body size source: IPC-SM-782 page 76, https://www.pcb-3d.com/wordpress/wp-content/uploads/ipc-sm-782a_amendment_1_and_2.pdf), generated with kicad-footprint-generator")
    (tags capacitor)
    (path /5FF5C6B2)
    (attr smd)
    (fp_text reference C6 (at 0 -1.43 180) (layer F.SilkS)
      (effects (font (size 1 1) (thickness 0.15)))
    )
    (fp_text value 22pF (at 0 1.43 180) (layer F.Fab)
      (effects (font (size 1 1) (thickness 0.15)))
    )
    (fp_line (start 1.48 0.73) (end -1.48 0.73) (layer F.CrtYd) (width 0.05))
    (fp_line (start 1.48 -0.73) (end 1.48 0.73) (layer F.CrtYd) (width 0.05))
    (fp_line (start -1.48 -0.73) (end 1.48 -0.73) (layer F.CrtYd) (width 0.05))
    (fp_line (start -1.48 0.73) (end -1.48 -0.73) (layer F.CrtYd) (width 0.05))
    (fp_line (start -0.14058 0.51) (end 0.14058 0.51) (layer F.SilkS) (width 0.12))
    (fp_line (start -0.14058 -0.51) (end 0.14058 -0.51) (layer F.SilkS) (width 0.12))
    (fp_line (start 0.8 0.4) (end -0.8 0.4) (layer F.Fab) (width 0.1))
    (fp_line (start 0.8 -0.4) (end 0.8 0.4) (layer F.Fab) (width 0.1))
    (fp_line (start -0.8 -0.4) (end 0.8 -0.4) (layer F.Fab) (width 0.1))
    (fp_line (start -0.8 0.4) (end -0.8 -0.4) (layer F.Fab) (width 0.1))
    (fp_text user %R (at 0 0 180) (layer F.Fab)
      (effects (font (size 0.4 0.4) (thickness 0.06)))
    )
    (pad 1 smd roundrect (at -0.775 0) (size 0.9 0.95) (layers F.Cu F.Paste F.Mask) (roundrect_rratio 0.25)
      (net 9 "Net-(C6-Pad1)"))
    (pad 2 smd roundrect (at 0.775 0) (size 0.9 0.95) (layers F.Cu F.Paste F.Mask) (roundrect_rratio 0.25)
      (net 3 GND))
    (model ${KISYS3DMOD}/Capacitor_SMD.3dshapes/C_0603_1608Metric.wrl
      (at (xyz 0 0 0))
      (scale (xyz 1 1 1))
      (rotate (xyz 0 0 0))
    )
  )

  (module Capacitor_SMD:C_0603_1608Metric (layer F.Cu) (tedit 5F68FEEE) (tstamp 5FF240C0)
    (at 63 28.5 180)
    (descr "Capacitor SMD 0603 (1608 Metric), square (rectangular) end terminal, IPC_7351 nominal, (Body size source: IPC-SM-782 page 76, https://www.pcb-3d.com/wordpress/wp-content/uploads/ipc-sm-782a_amendment_1_and_2.pdf), generated with kicad-footprint-generator")
    (tags capacitor)
    (path /5FF5CE6E)
    (attr smd)
    (fp_text reference C7 (at 0 -1.43 180) (layer F.SilkS)
      (effects (font (size 1 1) (thickness 0.15)))
    )
    (fp_text value 22pF (at 0 1.43 180) (layer F.Fab)
      (effects (font (size 1 1) (thickness 0.15)))
    )
    (fp_line (start 1.48 0.73) (end -1.48 0.73) (layer F.CrtYd) (width 0.05))
    (fp_line (start 1.48 -0.73) (end 1.48 0.73) (layer F.CrtYd) (width 0.05))
    (fp_line (start -1.48 -0.73) (end 1.48 -0.73) (layer F.CrtYd) (width 0.05))
    (fp_line (start -1.48 0.73) (end -1.48 -0.73) (layer F.CrtYd) (width 0.05))
    (fp_line (start -0.14058 0.51) (end 0.14058 0.51) (layer F.SilkS) (width 0.12))
    (fp_line (start -0.14058 -0.51) (end 0.14058 -0.51) (layer F.SilkS) (width 0.12))
    (fp_line (start 0.8 0.4) (end -0.8 0.4) (layer F.Fab) (width 0.1))
    (fp_line (start 0.8 -0.4) (end 0.8 0.4) (layer F.Fab) (width 0.1))
    (fp_line (start -0.8 -0.4) (end 0.8 -0.4) (layer F.Fab) (width 0.1))
    (fp_line (start -0.8 0.4) (end -0.8 -0.4) (layer F.Fab) (width 0.1))
    (fp_text user %R (at 0 0 180) (layer F.Fab)
      (effects (font (size 0.4 0.4) (thickness 0.06)))
    )
    (pad 1 smd roundrect (at -0.775 0 180) (size 0.9 0.95) (layers F.Cu F.Paste F.Mask) (roundrect_rratio 0.25)
      (net 10 "Net-(C7-Pad1)"))
    (pad 2 smd roundrect (at 0.775 0 180) (size 0.9 0.95) (layers F.Cu F.Paste F.Mask) (roundrect_rratio 0.25)
      (net 3 GND))
    (model ${KISYS3DMOD}/Capacitor_SMD.3dshapes/C_0603_1608Metric.wrl
      (at (xyz 0 0 0))
      (scale (xyz 1 1 1))
      (rotate (xyz 0 0 0))
    )
  )

  (module Capacitor_SMD:C_0603_1608Metric (layer F.Cu) (tedit 5F68FEEE) (tstamp 5FF240D1)
    (at 70.5 40)
    (descr "Capacitor SMD 0603 (1608 Metric), square (rectangular) end terminal, IPC_7351 nominal, (Body size source: IPC-SM-782 page 76, https://www.pcb-3d.com/wordpress/wp-content/uploads/ipc-sm-782a_amendment_1_and_2.pdf), generated with kicad-footprint-generator")
    (tags capacitor)
    (path /5FF524EC)
    (attr smd)
    (fp_text reference C8 (at 0 -1.43) (layer F.SilkS)
      (effects (font (size 1 1) (thickness 0.15)))
    )
    (fp_text value 100nF (at 0 1.43) (layer F.Fab)
      (effects (font (size 1 1) (thickness 0.15)))
    )
    (fp_line (start -0.8 0.4) (end -0.8 -0.4) (layer F.Fab) (width 0.1))
    (fp_line (start -0.8 -0.4) (end 0.8 -0.4) (layer F.Fab) (width 0.1))
    (fp_line (start 0.8 -0.4) (end 0.8 0.4) (layer F.Fab) (width 0.1))
    (fp_line (start 0.8 0.4) (end -0.8 0.4) (layer F.Fab) (width 0.1))
    (fp_line (start -0.14058 -0.51) (end 0.14058 -0.51) (layer F.SilkS) (width 0.12))
    (fp_line (start -0.14058 0.51) (end 0.14058 0.51) (layer F.SilkS) (width 0.12))
    (fp_line (start -1.48 0.73) (end -1.48 -0.73) (layer F.CrtYd) (width 0.05))
    (fp_line (start -1.48 -0.73) (end 1.48 -0.73) (layer F.CrtYd) (width 0.05))
    (fp_line (start 1.48 -0.73) (end 1.48 0.73) (layer F.CrtYd) (width 0.05))
    (fp_line (start 1.48 0.73) (end -1.48 0.73) (layer F.CrtYd) (width 0.05))
    (fp_text user %R (at 0 0) (layer F.Fab)
      (effects (font (size 0.4 0.4) (thickness 0.06)))
    )
    (pad 2 smd roundrect (at 0.775 0) (size 0.9 0.95) (layers F.Cu F.Paste F.Mask) (roundrect_rratio 0.25)
      (net 11 +5V))
    (pad 1 smd roundrect (at -0.775 0) (size 0.9 0.95) (layers F.Cu F.Paste F.Mask) (roundrect_rratio 0.25)
      (net 3 GND))
    (model ${KISYS3DMOD}/Capacitor_SMD.3dshapes/C_0603_1608Metric.wrl
      (at (xyz 0 0 0))
      (scale (xyz 1 1 1))
      (rotate (xyz 0 0 0))
    )
  )

  (module Capacitor_SMD:C_0603_1608Metric (layer B.Cu) (tedit 5F68FEEE) (tstamp 5FF240E2)
    (at 38 99 90)
    (descr "Capacitor SMD 0603 (1608 Metric), square (rectangular) end terminal, IPC_7351 nominal, (Body size source: IPC-SM-782 page 76, https://www.pcb-3d.com/wordpress/wp-content/uploads/ipc-sm-782a_amendment_1_and_2.pdf), generated with kicad-footprint-generator")
    (tags capacitor)
    (path /5FF52193)
    (attr smd)
    (fp_text reference C9 (at -2.3 0 180) (layer B.SilkS)
      (effects (font (size 1 1) (thickness 0.15)) (justify mirror))
    )
    (fp_text value 4.7uF (at 0.1 1.2 270) (layer B.Fab) hide
      (effects (font (size 1 1) (thickness 0.15)) (justify mirror))
    )
    (fp_line (start -0.8 -0.4) (end -0.8 0.4) (layer B.Fab) (width 0.1))
    (fp_line (start -0.8 0.4) (end 0.8 0.4) (layer B.Fab) (width 0.1))
    (fp_line (start 0.8 0.4) (end 0.8 -0.4) (layer B.Fab) (width 0.1))
    (fp_line (start 0.8 -0.4) (end -0.8 -0.4) (layer B.Fab) (width 0.1))
    (fp_line (start -0.14058 0.51) (end 0.14058 0.51) (layer B.SilkS) (width 0.12))
